5 12 1
0
3
0 1 0
0 4 1
0 2 2
1 1 0
1 2 2
1 4 1
2 2 0
2 3 1
2 4 2
4 2 1
4 4 0
4 3 2

41 50 10
0
11 22 25 30 31 33 37 38 39 40
0 0 a
0 0 b
0 1 a
1 2 a
2 3 a
3 3 a
3 3 b
3 10 c
2 4 d
1 7 a
10 11 ~
12 13 a
3 16 d
0 11 a
3 20 b
4 39 ~
6 27 d
7 22 e
23 33 ~
2 13 a
6 23 d
9 19 a
10 30 g
11 33 e
12 38 e
2 3 c
11 14 d
9 3 c
14 2 e
40 1 e
3 40 f
40 1 c
1 33 d
33 14 e
9 5 f
32 31 e
34 35 f
36 31 d
37 36 b
33 38 f
36 38 b
38 39 r
39 40 a
30 31 f
1 33 g
33 14 a
9 5 ~
32 31 h
33 34 a
35 36 g

3 4 1
0
2
0 1 a
1 2 b
0 0 a
0 0 b

5 8 1
0
4
0 1 b
1 3 a
1 2 ~
0 2 a
2 4 ~
3 4 b
2 3 b
3 0 ~

3 4 1
0
2
0 0 0
0 0 1
0 1 1
1 2 0

5 8 1
0
4
0 1 b
1 3 a
1 2 ~
0 2 a
2 4 ~
3 4 b
2 3 b
3 0 ~

5 7 1
0
2
0 1 1
1 0 1
0 2 ~
2 3 0
3 2 0
2 4 1
4 2 0

5 8 1
0
4
0 1 b
1 3 a
1 2 ~
0 2 a
2 4 ~
3 4 b
2 3 b
3 0 ~

6 12 3
0
1 2 4
0 3 0
3 0 0
3 4 1
0 1 1
1 2 0
1 5 1
2 5 1
4 5 1
4 2 0
5 5 0
5 5 1
2 2 0

4 4 1
0
3
0 2 a
0 1 b
1 1 c
0 3 b

3 4 1
0
2
0 1 a
1 2 b
0 0 a
0 0 b

3 4 1
0
2
0 0 0
0 0 1
0 1 1
1 2 0
