4.327379281871492900e+00 5.397607406875023273e+00 4.075575627585779515e+00
6.025571177626098951e+00 9.175297099796352995e+00 9.144077848497186523e+00
1.891388025638997661e+00 3.779107765763950688e+00 7.914587881897241495e-01
4.937225263067782421e+00 3.920737311627223498e+00 7.700579678181804333e+00
4.872186701322400282e+00 9.158768970423851741e+00 8.454040358735307237e+00
2.845049941976301344e+00 5.983022833407562580e+00 2.516758357836256454e+00
1.050906903434389150e+01 8.473123518030815760e+00 6.264528794482249197e+00
5.517704294516724062e+00 6.545004622046348253e+00 5.586327765289489378e+00
1.107156557417654241e+01 6.869023347437617666e+00 8.538866854009196317e+00
2.307061372083396122e+00 2.153683699512169092e+00 5.508810988569631029e+00
1.352379480775690368e+00 4.424095427452242824e+00 1.053376111063592635e+00
6.918886009485257560e+00 1.551226655492484952e+00 1.464123153757385998e+00
2.757886172820324333e+00 5.668932022613764055e-01 4.214707411779159862e+00
2.665454399696798760e+00 4.023209475790335610e+00 5.146266354972665269e+00
6.157917854230092303e+00 8.577273323100087055e+00 5.474972919012346395e+00
6.058305284588699990e+00 3.355143469164474368e-01 3.972581950239366666e+00
2.783124367442951996e+00 6.420265273209055934e+00 5.392744812934338050e-01
3.980656224652973751e+00 -8.119748305802163557e-01 6.625157153392389198e-01
5.292313503496211879e+00 5.608421940442911868e+00 8.436137718653293760e-01
4.055650348480421385e+00 5.148380315447125710e+00 6.166564837145044109e+00
6.132853803688790961e+00 3.352512007625870538e+00 8.296894233724891876e+00
2.137953744241398280e+00 6.567747527492207027e-02 2.110762317444915492e+00
7.914390848422034885e+00 4.539768616480077235e+00 3.016326007422132083e+00
5.954718038030856420e+00 2.638594419397374935e+00 1.959779509503836836e+00
1.952771152690985001e+00 4.272507152755227189e+00 -8.922764277923884713e-01
2.782197548937479947e+00 4.989550092733356479e+00 2.591636708086214380e+00
6.707144555176911105e+00 4.396012461211045164e+00 3.949099920478521764e+00
6.843327225456810936e+00 7.002891983532006037e+00 7.464205045031156338e+00
3.953514254168521536e+00 7.771046754748856422e+00 8.024905406934355057e+00
4.687630113951829713e+00 7.635514549482200763e+00 9.490242407156639359e+00
5.658971782738013268e+00 3.866583733070833695e+00 4.488454509714050467e+00
4.305441634671334228e+00 3.309022313675174409e+00 1.309775516316608490e+00
8.016661742777921873e+00 2.783935249931756672e+00 8.774763428776035212e+00
5.532843477357572759e+00 1.594690245485889113e+00 3.255508075265901358e+00
4.475704945188137884e+00 4.869838210136582468e+00 5.334833145681360023e+00
7.830772814475764676e+00 6.977852163892462656e+00 8.860281624075318163e+00
5.585264156232668142e+00 4.044742560184416469e+00 1.882692508171500245e+00
2.371931647992852277e+00 4.733756851763734730e+00 5.469680142602113548e+00
1.919454712223336301e-01 3.849971534395625561e+00 5.860483078054267381e+00
2.386018323437517630e-01 3.554529494594530270e+00 1.325797227166974235e+00
2.394625481581647897e+00 1.581531086151687360e+00 2.698019994060058213e+00
2.481216854661087101e+00 6.733111931976228703e+00 2.195449018985893286e+00
3.693899677537521242e+00 4.940731345334356206e+00 2.498219536288950771e+00
8.423928661349917135e+00 7.298249725190085968e+00 8.868208306517372463e+00
6.414687108641468072e+00 3.561136222007295515e+00 7.246680810470954803e+00
-1.135758084532962897e-01 2.730660892116249627e+00 8.817712850460233120e-01
6.730189516058642241e+00 8.687854235679841608e+00 6.244197751212476888e+00
1.847875419052978474e+00 4.256308657688661512e+00 3.625852148806494313e+00
8.120605551430887914e+00 2.192488260882189621e+00 5.899269321368358909e+00
1.224088006720642996e+00 3.787878785719726693e+00 3.497101480080339275e+00
5.118001829525541169e+00 5.713005171631403201e+00 2.280875169432089677e+00
6.417650552929008434e-01 3.638757418777464281e+00 2.300240425927014165e+00
3.507899354693281069e+00 7.157074840248858649e+00 3.405366925408411127e+00
8.245322012738229844e+00 5.569910408813951719e+00 8.162768329400620360e+00
9.801702295620810190e+00 6.756347476748826963e+00 6.195935154183810134e+00
6.958865002113343579e+00 6.856701620546184373e+00 4.438778419714350498e+00
3.986199970163137873e+00 8.486194496172750235e+00 6.415863588090110703e+00
6.039587578622643171e+00 5.429746002307132002e+00 1.318101294030288750e+00
7.224095894156510766e+00 -1.636758061881502968e+00 -3.129842573351324653e-01
2.557136211034365392e+00 4.026576153988425943e+00 5.061989401760857987e+00
4.672880190519796528e+00 3.340566731709337933e+00 6.840844345278206617e+00
3.590118327436159440e+00 5.705147577593191244e+00 2.872754895674722420e+00
7.870497858929217827e+00 5.625103046361221715e+00 6.317442857213477758e+00
3.313470464293811979e+00 3.087278461198753821e+00 9.487523012361629426e-01
3.250734843256086748e-01 2.332599947018080044e+00 -1.478450722435715292e+00
-1.179322235282248776e+00 3.414681384049627511e+00 6.369105821691492864e+00
7.328372309222049630e+00 4.836131745781464986e+00 9.361942970298798627e+00
8.074411964570500366e-01 3.177934412484453297e-01 5.270210989623356213e+00
2.613443154759000908e+00 5.725690646077926438e+00 6.033111673201968728e+00
4.289181006872082591e+00 1.000433503326457441e+01 8.185511590822935446e+00
5.545898474808055312e+00 6.983293754535123909e+00 4.839574177084619677e+00
2.626524162632022819e+00 2.353459889344911460e+00 2.279559126979925132e+00
7.544056050091844767e+00 8.356443186804536793e+00 9.608438564171962071e+00
7.956739404032782126e-01 -2.081344047426656019e+00 4.894042139697653226e+00
2.766306016872998264e+00 7.399709834818182230e+00 7.169846930558779086e+00
8.446955998730928172e+00 1.091747270871321973e+01 6.929363532703693096e+00
6.763674958728838504e+00 7.390540215845233796e+00 7.726663050208895100e+00
8.789766855503382104e+00 1.007730489022280018e+01 5.606278493834761179e+00
7.930586288569003273e+00 7.449440965468107301e+00 7.403771411251751644e+00
9.330415524586466169e-01 2.795851255160801685e+00 1.596290103101198676e+00
3.093697436308179505e+00 5.195459076316829794e+00 4.265045253719922158e+00
4.153576038568500550e+00 4.553395082565549146e+00 9.732557399918144725e+00
7.965755686093772603e+00 1.016088487878758073e+01 9.084342354685684739e+00
5.041718541850309876e+00 7.203536653767631748e+00 1.151463096651547069e+01
1.809504795930034771e+00 5.436518442377433757e-01 3.397635741363686623e+00
6.677331835615204270e+00 6.415534210967597240e+00 7.145691140384718310e+00
2.355798944447665022e+00 5.346296264523942909e+00 5.545367635194216049e+00
5.991089887747511611e+00 5.669562712511912572e+00 -3.461346778168827854e-01
7.205662915904285093e+00 5.509135064411909255e+00 7.401893883376228445e+00
4.302237649341222436e+00 8.759385156517168980e+00 9.231571234066885623e+00
3.397235577867116607e+00 2.939780607595627870e+00 3.573215637118811294e+00
1.011979852866860874e+01 7.793918261061377528e+00 7.297452162866540526e+00
1.530121706577942220e+00 7.185649020641386997e+00 4.329325022815719848e-01
2.938228135080068970e+00 2.490793240380102525e-01 4.184945539243049240e+00
8.022979510714577600e+00 6.572704674697238403e+00 7.088165437805787228e+00
3.855149105254151554e+00 6.733623565231201091e+00 3.948754539645090489e+00
-1.626572905452674078e+00 3.142812462744798641e+00 2.339581019508714999e+00
4.306526539099554185e+00 6.672059419296735960e+00 4.638193877258039777e+00
6.586273682609061986e+00 5.007799965847126167e+00 1.103124065705788759e+01
7.156582438157935933e+00 1.087259382739121172e+01 1.012826947086296592e+01
8.223750420414768669e+00 7.005378637065466485e+00 6.793352189380051698e+00
5.677796988087060015e+00 5.467445651017234454e+00 6.983154330834970835e+00
5.190646945021896386e+00 1.744900183827928331e+00 2.471426216878814586e+00
7.595144634463722788e+00 8.318273905794129064e+00 5.614513927463177012e+00
8.428864945855604418e+00 6.960483379803510395e+00 9.417759684510905061e+00
4.466820446240800990e+00 5.118039069151988585e+00 2.678582090164722374e+00
7.144027111252543527e+00 5.315457307877681892e+00 4.248712689295744305e+00
1.472668224574693374e+00 1.719023309474119854e+00 2.193796154485067262e+00
8.617159344071350091e+00 8.122723486935782944e+00 4.364685102651646886e+00
3.221293631582727190e+00 3.323893232227773886e+00 3.749204593842287991e+00
9.245193336022817121e+00 5.988143978634793640e+00 9.527736853977867071e+00
2.596028381205844671e+00 2.209598401650443300e-01 5.538630763259387635e+00
1.026808296433024514e+00 -1.534289497378216183e-02 5.030865147040470831e+00
6.065047404086057803e+00 6.361814517987994577e+00 3.752297372414008514e+00
8.633562563580472471e+00 8.358957615817315556e+00 8.421091815120066215e+00
9.036771923747959789e+00 6.479058246336173887e+00 6.070936873349826790e+00
6.942094425837515459e+00 5.275851082366382450e+00 3.950502885906282735e+00
9.336048646443494192e+00 5.239749597303537954e+00 7.787481992812019804e+00
8.300255192270757476e+00 6.579020753531250598e+00 6.693863814217762886e+00
6.249752288750505258e+00 6.677438366785112933e+00 9.329072309474321756e+00
8.610186252816953711e+00 7.915853407278526710e+00 8.894625291511387033e+00
4.980930220433753775e+00 2.387905255652514658e+00 1.974503847212244922e+00
2.916178639164250797e+00 1.072653649263244802e+01 1.023955165552223079e+01
3.149600013165616108e+00 2.506269501660900456e+00 1.545480194106383376e+00
3.159352577005931195e+00 1.188306702560018913e+00 1.420558209676121342e+00
2.358484157288084582e+00 1.675192614970983263e+00 1.068488600312521131e+00
4.828927673295131839e+00 3.046969934093328281e+00 5.193862357399884999e+00
4.832550408332219938e+00 3.039420204017972083e+00 1.954295839367222731e+00
4.733430824228048728e+00 1.492980621935145358e+00 6.240455763024320923e+00
7.092634781199229188e+00 6.171372875742576092e+00 6.272255750905220140e+00
5.433487624346256872e+00 3.710473299795817859e+00 3.418863358182916201e+00
3.119738302689500475e+00 2.728632672432715900e+00 3.703429323496532533e+00
3.215972665577240264e+00 1.487393364782087168e+00 3.508310753155569728e+00
9.658679809346657485e-01 7.254149189135891795e+00 4.449435931981700065e-01
6.843725603073959718e+00 6.289711119935581962e+00 8.343758413934864393e+00
5.070508507596370507e+00 7.769801235389434346e+00 8.684932086562612952e+00
7.134289127881997317e+00 7.374342097273149932e+00 1.032660337565286923e+01
5.038564826112528650e+00 4.508532569734584605e+00 2.208737357340585294e+00
-1.647544539204409908e+00 2.240258588700203113e+00 6.179593112561239110e-01
3.198194991042476953e+00 1.935619365524192226e+00 9.164819897575855023e+00
5.537226981157732375e+00 4.557977146532910417e+00 9.438434139483637964e+00
5.905759851638059388e+00 7.605114623625532033e+00 4.617094559391901498e+00
6.903401929886343602e-01 6.642694995041118489e+00 3.455127689902295351e+00
2.208370669788213281e+00 3.206737840377515081e+00 5.202530901427926402e+00
6.746275165099672400e+00 7.491566337785331875e+00 7.458024176083321244e+00
6.339374377897016188e+00 8.335457698477428679e+00 6.575636388862597492e+00
9.054423207889543690e+00 1.155149194380503275e+01 1.018846957072493531e+01
7.314999376844626866e+00 5.985682943474183837e+00 8.045669047599075085e+00
7.123878190629961971e-01 1.572237158992301209e+00 2.333741945147270513e+00
8.100424383643711757e-01 3.566723866418968214e-01 1.297668291825422315e+00
5.778558808035742622e+00 4.588009105728449555e+00 8.260322817907661985e+00
2.990946071561312092e+00 1.933098651880990504e+00 -9.277612180191314728e-01
3.236852291334029630e+00 2.645599684378779681e+00 4.473110764488512636e+00
8.838940227577678499e+00 3.895451797966920537e+00 5.828992992472157297e+00
2.760302377540503116e+00 6.202672496571843830e+00 4.398762356908194171e+00
4.236983326114915904e+00 3.631580183053467081e+00 1.324855877763479572e+00
1.276021096916906794e+00 4.346922959330619562e+00 4.782428965319556191e+00
4.151015901141240860e+00 4.062813587277349647e-01 3.871566971739087926e+00
3.963258966230013502e+00 6.805251031025161268e-02 1.189379276903481220e+00
7.506747112757427232e+00 7.701714178357152996e+00 7.096938372657889182e+00
8.885563799145936414e+00 9.527321248510164153e+00 4.604255580941289949e+00
4.894459758322128096e+00 3.927409302916310629e+00 3.351651154412225164e+00
3.504750881102025595e+00 8.318813637971338437e-01 2.296231895097812448e+00
5.088473737975721889e+00 3.720210280730491981e+00 6.557496622329024305e+00
7.740385672727327915e+00 6.116096275588967401e+00 6.511496198264934421e+00
1.554872248623364372e+00 3.473315451694985345e+00 4.972627577163859058e+00
6.422358218608797742e+00 7.409931515068572061e+00 7.918980198673061466e+00
7.767723794505921653e+00 5.830364305408488157e+00 7.648542290519874776e+00
6.170769290689563924e+00 3.142586243700796977e+00 3.508018241973390960e+00
6.229391781356206970e+00 7.365780185241090017e+00 1.250762969395542790e+01
3.308041104106360208e+00 7.815260812384009270e+00 6.718119526701927136e+00
5.623578779444844855e+00 5.278722397985159631e+00 3.996751508679062148e+00
2.034970041551177555e+00 1.534776634025766251e+00 1.177581930829188606e+00
7.489800654994366091e+00 6.487951670561900031e+00 8.624567401819478007e+00
6.810772759920241448e+00 8.480564468413373191e+00 1.091756424638240830e+01
2.982369338360617572e+00 9.892668057123250591e-01 3.831309342055608358e+00
7.423236851402426950e+00 3.535630301255796581e+00 8.846402588014901980e+00
4.628374800641545050e+00 2.306824101314099984e+00 3.476204607636124155e+00
3.910797611172164956e+00 5.700802153062898725e+00 2.792481806702635794e-01
4.285236979660069778e+00 2.915807407276361118e+00 -4.378145089074703122e-01
7.825246667764412578e+00 4.732629518343641095e+00 6.302364016227223864e+00
5.976847886925916953e+00 6.752040706468689812e+00 9.823209064415303615e+00
5.837261223279504918e+00 2.771449477831331887e+00 3.224643368673497434e+00
5.799457636592409315e+00 4.078255960468081476e+00 4.626660960830709435e+00
6.050630818455391413e+00 5.511684614603526988e+00 5.428531857701700325e+00
1.050234734894746325e+01 8.240650130189649758e+00 4.997072133927903614e+00
8.440804328722947503e+00 4.325116440462900336e+00 1.196095862712156732e+00
3.168741528757532677e+00 1.930737124827360818e+00 5.730475214959164454e+00
5.531003047149527951e+00 4.935796068973326456e+00 8.986917805975956242e+00
6.272556606609286156e+00 7.712542539966426247e+00 5.884578350396757251e+00
1.142108483579272304e+00 9.876888174512590268e-01 5.012185581446865434e+00
4.499406920532258880e+00 6.485254814358549780e+00 1.186453794236127557e+01
6.869930753806363199e+00 8.382774120029976572e+00 3.655450428430215837e+00
2.861631507379134298e+00 8.108215579816564045e+00 4.353311836722546957e+00
1.100603677952760684e+01 7.604592071226119465e+00 6.552597733938910096e+00
1.746041068180077316e+00 3.894999329498989749e+00 3.337712490310593694e+00
5.574925747549981381e+00 3.073950350742627791e+00 5.571105295981138461e+00
-8.326213212442121758e-01 4.061902982702041420e-01 4.128406328217204546e-01
1.800092031028061701e+00 2.913724302046252657e+00 3.688384966363563944e+00
3.841287810770631861e+00 3.685101634733884968e+00 3.406171941999721842e+00
7.458895571915322265e+00 1.060211660671667744e+01 4.194783766775644018e+00
4.767918686979408349e+00 3.861710011688734845e-01 3.523280955714385154e+00
3.076119620855803927e+00 4.651009515563332641e+00 1.149277304271809852e+00
5.677571732787841441e+00 1.165437377547608788e+00 -1.044958791949124333e-02
8.755821263087172568e+00 7.676323502244931873e+00 5.374750299298816536e+00
3.579477269493278158e+00 5.092984388583650102e+00 6.710503665074710078e+00
5.842234843965585789e+00 6.812092889974630694e+00 7.683039000756229697e+00
4.179304194631281000e+00 8.735815673069168952e+00 8.648720883410700111e+00
2.275244902090313381e+00 1.562141531032692487e+00 1.031513742732096173e+00
5.313088418418050018e+00 1.015067578247317748e+01 4.773177426762515552e+00
8.382028056499185809e+00 8.005183372296396982e+00 7.252077983529806815e+00
1.013469748947665749e+01 5.560902316348722785e+00 5.221992486072513096e+00
8.530216498148728732e+00 5.302362863454978203e+00 4.104933673329564492e+00
8.552637464588919158e+00 6.462222854376111769e+00 7.090138366662521285e+00
2.478564022689960122e+00 4.931236885199419717e+00 1.428843852670019121e+00
8.713051496607482349e+00 6.959817198156172502e+00 7.476716319450818382e+00
2.033134570091964299e+00 4.161036835588501681e+00 3.445698781096746988e+00
-1.185550595541818630e+00 4.249547094967701000e+00 5.174163963151737988e+00
3.726818503846564656e+00 8.423114425816597972e-01 4.494398089115877681e+00
7.491650212636901784e+00 5.873194474300786894e+00 2.784222024835795395e+00
3.584626503037223966e+00 -1.774598132902505121e-01 5.686901463984916916e-01
8.846166610696041488e+00 7.275384801880580454e+00 6.830670560399277669e+00
2.933165698024221335e+00 3.226092547562609436e+00 1.560642691668191251e+00
9.098175499529409294e+00 7.213400366768706107e+00 7.342869729581509297e+00
7.505293258265571588e+00 5.393390639039121304e+00 6.709526320610954997e+00
6.167572363665787982e+00 8.654780664071608953e+00 3.971877964163986086e+00
5.039396529509392764e+00 6.244792212786142827e+00 7.129658605600874388e+00
4.685866669752461355e+00 1.651886949491480960e+00 4.076652832204915811e+00
9.467197586937595943e+00 1.086710777896929336e+01 8.878462879881778846e+00
4.162395220717929334e+00 5.109325455216643164e+00 2.914908518898424283e+00
1.774576476926308155e+00 4.567768397138283198e-01 4.453039741612896840e+00
2.786684454729894345e+00 4.458466508266011985e+00 2.295508182680243703e+00
3.559620569691933412e+00 3.621138793035753700e+00 5.055332869527232376e+00
5.907870722527419183e+00 3.791624203993567477e+00 2.537087035846778527e+00
5.903001372676027536e+00 3.219172897235881514e+00 6.928786693669797714e+00
1.773414776011656757e+00 5.273487308479200664e+00 4.593110575702342047e+00
1.762220030605430976e+00 4.760979956315077644e+00 3.639780799661552990e+00
4.851968662146072475e+00 5.617887320992510425e+00 3.084941641240528831e+00
2.584965177359796140e+00 6.668753484529652553e+00 3.360781973047636928e+00
5.181701454614984215e+00 3.795022593623864182e+00 3.100871763132089232e+00
5.426914576612038132e+00 3.478125434374792491e-01 4.169723590038699079e+00
1.487175673880536619e+00 1.575482444923817171e+00 5.492662671904795957e+00
1.712737149664984138e+00 1.026378349631789177e+01 1.791167061430393614e+00
6.733257127197095571e+00 3.706918889260227168e+00 8.124410249894221892e+00
2.656691699134370310e+00 5.715256314785296610e+00 8.663246377219229188e-01
8.535832558828602146e+00 7.523188511847411775e+00 3.867325718818887204e+00
5.671354094291081616e+00 6.882035117068824981e+00 6.148987018492051426e+00
9.330465373002969187e+00 8.639115477140292043e+00 6.205720493778826174e+00
7.360932310197441986e+00 7.226913489463067108e+00 5.038027763677587423e+00
3.620578694434941625e+00 6.287065105783677055e+00 6.924955841149052382e+00
1.028611277242766420e+01 8.497122781267215430e+00 3.189863084021872464e+00
5.279668348456363347e+00 7.912222131189110108e+00 6.304405981819061644e+00
3.161011578478424955e+00 2.002640549591824470e+00 2.166402680072809783e+00
6.756150558158362962e+00 1.029663556939619617e+01 3.994089941424148194e+00
5.047665464835855431e+00 3.955117605674694392e+00 9.172406252707197893e+00
7.582886378607927469e+00 5.663630416433071524e+00 7.801854491639723221e+00
5.713368657036578036e+00 2.474051291642124006e+00 2.114110605963757550e+00
1.898064179580824407e+00 -1.407697879876463887e-01 3.397208814951092393e+00
7.663045422323582656e+00 8.240414543224950705e+00 5.957234781893593123e+00
4.654227486262192848e+00 4.759470659090442979e+00 2.122268502631433407e+00
4.874080314713197026e+00 4.251833389635088167e+00 4.480291607936678133e+00
2.282743291966177424e+00 -8.080819186438019663e-01 5.450343788672549650e+00
4.510180143786055140e+00 2.715860831880776871e+00 -1.738242803649714396e-01
3.761935614903097136e+00 5.355110873903599078e+00 4.750854747848583415e+00
6.217154636557467029e+00 7.444442605219156128e+00 1.268854767762537250e-01
6.623778104638263109e+00 1.010210685884927351e+01 7.147002153007018244e+00
2.433913754019363385e+00 3.027218566547820622e+00 1.025307822767938859e+00
6.546364997504355188e+00 5.669642533530614870e+00 6.074546473605515473e+00
4.172837048517369141e+00 3.413317686204016876e+00 -6.351714676026074535e-01
5.781005366667368861e+00 5.439175729633453749e+00 6.343715709798171787e+00
2.494125208425100215e+00 -1.288597614848550066e-01 4.241414744316199581e+00
2.976956515490666089e+00 3.557112823192881912e+00 4.556614084824908595e+00
6.787932859768257998e+00 6.467268194904360890e+00 7.871612886720579461e+00
2.253606461762231561e+00 3.842267563118149098e-01 4.530846910970226737e+00
6.648593550563639987e+00 9.946040159076058984e+00 7.540408125661223870e+00
1.816980615048316539e+00 2.102506498385804168e+00 3.770341677477913489e+00
9.116272043756010746e+00 6.389558330982145762e+00 1.009944108589636258e+01
4.130833822010490763e+00 3.563125546098847796e+00 1.768457038038034446e+00
3.299095897413996781e+00 4.751411683288445431e+00 2.285243151759740243e+00
1.079551371965407291e+01 8.008284762738083984e+00 1.119109317268499737e+01
1.687078455563208568e+00 1.736598209021736894e+00 2.533577678065886296e+00
-7.907036413667976049e-01 9.325624812323720647e-01 1.556972044353273521e+00
7.271204516448671384e+00 8.787844624612308309e+00 6.235963010853568633e+00
7.417549849577217635e+00 7.691433930860196888e+00 3.848549314275116373e+00
1.018396903239677798e+01 9.220171885443317450e+00 6.670389294568238370e+00
7.482837395708262562e+00 8.424173870651468832e+00 6.654633489809010705e+00
1.357924005592363592e-01 1.825431022302105744e+00 4.668318232303846571e+00
6.495752978389688792e+00 7.274165208062834509e+00 8.256616772269270044e+00
7.052461027212102884e+00 8.555207466115589909e+00 5.421990446420933196e+00
2.177284844596773628e+00 3.086067805311556000e+00 4.809603567920031075e+00
5.219944557591672307e+00 1.956959148532585901e+00 3.407026169973249363e+00
7.226825438435362514e-01 -2.570842784889575405e+00 4.497580170355329088e+00
-1.180475802163146071e+00 4.367862592340861383e+00 6.518298798289379192e-01
3.551266153535387105e+00 2.724744474367907454e+00 3.084477003971037412e+00
4.685384619477224177e+00 5.374513999002914488e-01 5.317856953180397639e+00
-1.426554263440307224e-01 2.464435163570334542e+00 5.029418175572962113e+00
2.245006130369569419e+00 4.048701772985825897e+00 4.778684921732470947e+00
4.066458619656502904e+00 -9.250639574696490897e-01 4.159583870457645105e+00
1.479941702574258278e+00 2.985724278764287920e+00 4.771253082035116222e+00
3.300773443002626095e+00 5.194301476789157768e+00 4.911342182952233237e+00
3.158761416195649652e+00 6.511327597446364024e+00 3.425065129301919864e+00
2.517895101634453958e+00 -5.631469348508058026e-01 2.605525282781800289e+00
8.987504621094103641e+00 7.053760656983887323e+00 8.645247755977953474e+00
3.203096527895919365e+00 4.556151562667159816e+00 2.634349140115318733e+00
1.375285278024693802e+00 1.475104786503738774e+00 1.358294389768585075e+00
3.737685055932177924e+00 3.118580973991017302e+00 2.620277036513296132e+00
9.220646736249320519e-01 1.884971435751141788e+00 5.184797878806572946e-01
3.313736566155414121e+00 9.439570322966337912e+00 8.621521900014188944e+00
3.504269830461477664e+00 1.214872852125857383e+00 6.003399465535482982e+00
3.549138320401164393e+00 5.216974487119879100e+00 -1.110070931680562367e+00
4.246470305578082360e+00 2.730053533581638714e+00 1.501099367720801547e+00
4.961026859540456968e+00 6.326474546925060949e+00 2.703510146347428922e+00
5.767673217641758221e+00 6.425181353836634024e+00 7.381456389356318759e+00
8.115150347914401152e+00 8.744531988921194099e+00 1.052683001871575996e+01
5.113817800514279810e-01 1.021615211910255505e+00 6.097984985853297957e+00
4.257037042871546717e+00 8.295690137883335424e+00 5.050426553566041754e+00
6.037095210759177100e+00 5.814364245365075234e+00 4.854491299378672409e+00
2.090474077303886347e+00 3.947531680658247666e+00 6.452311116255317280e+00
6.485857301882322901e+00 6.258739166907141716e+00 7.456714004866575429e+00
1.928919344266671221e+00 2.225163461302505308e+00 1.445508346570206326e+00
1.655544167071907768e+00 6.690360807029910539e+00 3.666785468812037152e+00
8.471683723038974989e+00 7.949967264405987777e+00 8.444217795078692745e+00
4.136977273065008731e+00 4.152324978674315048e+00 7.508576031317151234e-01
4.278637215745465738e+00 3.403597762259673587e-01 5.929867680448614564e+00
5.295179822229844291e+00 5.285063594578410573e+00 8.243614275932275248e+00
7.532373721272459299e+00 6.196192911600579833e+00 7.836072702982983529e+00
3.328273761125419838e+00 4.406010979464785038e+00 3.804314393636861968e+00
6.380209395212341761e+00 6.964196478900537279e+00 6.368155982825384420e+00
2.032772356137702019e+00 -3.946812898466744990e-01 2.650226456392383412e+00
7.398327749689733501e+00 3.956580016498579599e+00 4.567660193486765330e+00
3.974152070785863966e+00 4.628173773129720558e+00 4.841737789186231211e+00
5.354111345632260210e+00 7.564932054733803035e+00 7.222352278189461572e+00
1.759365071619223286e-01 2.010803189475410591e+00 3.187892459153685465e+00
8.011924542640848301e+00 9.530057426383770292e+00 5.365368484024611639e+00
6.020344463102020427e+00 9.922376817511211478e-01 3.044836684157183893e+00
7.191719421158260239e-01 6.722866955868493477e+00 1.490007923591654126e+00
1.636352711492741419e+00 2.682089279003371463e+00 4.341597198683892600e+00
7.818063367445610368e+00 6.118752892256162923e+00 9.506710869196593805e+00
9.890354754874838505e+00 6.602539246232406178e+00 5.718876896706266422e+00
7.034680823104876524e+00 9.455015862455411479e+00 8.359491862150804309e+00
3.385342526243974248e+00 1.026866378161239046e+00 -8.954472308053809115e-01
8.412981620755967782e+00 8.863718961156244802e+00 5.782360526185364336e+00
4.168099010922569292e+00 6.334894272444275387e+00 3.749478075177159475e-01
3.237642746900844415e+00 3.328303795026701373e+00 3.239668246880440527e+00
4.129113733696202715e+00 3.712435741997222038e+00 1.848537472899155487e+00
4.286735726367949972e+00 6.018289257437351658e+00 6.715571029540616799e+00
4.397765010309796274e+00 9.183460284419753705e+00 5.098956179918603837e+00
7.194385500120984211e+00 6.222640980585268267e+00 5.705513614943380496e+00
8.695011654152455804e+00 8.494793278942113446e+00 1.079558557356608617e+01
2.384625342942226833e+00 3.738143305716463249e+00 2.770493932083760935e+00
5.914530445457296004e+00 5.139830818436869286e+00 5.825077988024546904e+00
-9.314441004319640172e-01 3.598846671878734860e+00 -9.252022944089115519e-01
5.536551819985317202e+00 8.922612987956743069e+00 7.472304062215073372e+00
5.335176122389883702e+00 4.344562577725417540e+00 8.060719364555680500e+00
6.359446978913281256e+00 3.881405798973914134e+00 6.460475529210557788e+00
2.802329314850093400e+00 1.103058816807452658e+00 2.413676091849418448e+00
2.360855804721009754e+00 3.545583986249294828e+00 7.321383544939843446e+00
6.717861994581877383e+00 8.672623372776342876e+00 7.100888317538228911e+00
2.967334493602041157e+00 3.229712379667053934e+00 2.082587215094083621e+00
4.409319678314272295e+00 2.985833901372563659e+00 2.202188584168894181e+00
6.250900065028564434e+00 9.778293743743201816e+00 7.182833756462905228e+00
5.022794775195018602e+00 4.810453699805063543e+00 4.624413407504831319e+00
7.543845998104197648e+00 3.526650505737622066e+00 7.045840950134964586e+00
1.290204830312612039e+01 9.216528430131951666e+00 9.378550797483239165e+00
3.100591900867218698e+00 5.686307781053766774e+00 2.797259702006241522e+00
7.779497982940048573e+00 7.140069732499591204e+00 8.705000989148130586e+00
4.355933294153940594e+00 5.251798570419036416e+00 5.782491975603988976e+00
3.387891122738416527e+00 5.251243345551293018e-01 3.953758556787766665e+00
5.538151054235783022e+00 5.086119901067657878e+00 2.130255803525283653e+00
3.358105268205736404e+00 3.231720425155993226e+00 1.388540101978762431e+00
2.320874426517131273e+00 4.248084090704354665e+00 5.712073188624248843e+00
8.902481187557320652e+00 7.186976337823153038e+00 7.106158612817526254e+00
8.115679132797829709e+00 4.536090071078568542e+00 5.986843280494219321e+00
5.515171687743055884e+00 5.284347196861121532e+00 9.084627450088603950e+00
6.227107344347855289e-01 -2.384953877547899559e-01 2.307261719185638604e+00
1.556079680016425382e+00 5.820789154734731241e-01 2.249221521823179248e+00
7.640333618224944168e+00 5.977315879005494992e+00 4.968156092426212922e+00
5.069098359927699526e+00 3.811042341623310126e+00 2.949748464320419039e+00
8.629791063646241156e+00 5.457759825186926150e+00 6.130086631543584907e+00
6.605683079742027175e+00 4.823584626030820388e+00 5.565205514138004794e+00
4.776229762645181509e+00 6.192301323011886183e+00 5.065336001236270036e+00
6.636657305678763663e+00 1.146992246478452060e+01 6.145366299776847008e+00
2.833417399245516055e+00 3.387954164695497816e+00 1.054091820608774155e+00
7.854125127761613534e+00 2.462955651022098458e+00 5.603865149692948577e+00
5.967340259983815898e+00 3.166783897175197371e+00 6.395222536774201494e+00
1.822351934642510773e+00 1.035994117613827425e+00 4.966257535285634184e+00
2.324238166090970115e+00 -1.669611747216982245e+00 2.658795876196516250e+00
1.041037989615530623e+00 3.391820065795598804e+00 1.516170194307277397e+00
8.246217886711804113e+00 4.923590420796756462e+00 9.908640972732353447e+00
1.447948837060292870e+00 2.263478038484714183e-01 5.413483570144036250e+00
7.700482354686516651e+00 9.466344666272531683e+00 7.710182631382521912e+00
4.338058909268641017e+00 1.785463671779222272e+00 2.994345804818034473e+00
7.523891008246141432e+00 5.611310914132797478e+00 8.220922788431552775e+00
4.979778126019573037e+00 6.599824316548824399e+00 7.615853871012670417e+00
2.527902155646356341e+00 4.733700842720472757e+00 4.050369103300230478e+00
4.732717722855220188e+00 3.379289732199261653e+00 1.374087750642341899e+00
8.897916154354859053e-01 8.414207710506707016e-01 2.045238040080914033e+00
8.085878714699836323e+00 7.182686183725357942e+00 7.377491466921408225e+00
5.551721340136777094e+00 8.336371170934011587e+00 8.422055955825241469e+00
-7.490880299061153380e-02 3.985847231217992004e+00 4.726439759218067138e+00
4.470468477601915680e+00 4.073085328654225457e+00 2.366671775062837213e+00
4.188602441346820804e+00 8.174148330767103232e+00 9.409442083109343713e+00
2.702114214541350368e+00 4.987299612834588558e+00 -9.412890479805882116e-01
4.839516253231375131e+00 8.550310197259744172e+00 8.952923611927060321e+00
6.474122010619716150e+00 7.567361857852955787e+00 5.006387739540750559e+00
2.466308135818388259e+00 1.565986977006226688e+00 5.045395536246655155e-01
8.501199068747968823e+00 9.217142941517426635e+00 6.654815841922207653e+00
4.413203394646343369e+00 3.427472466296243692e+00 4.453211112231437063e+00
3.648975535865792708e+00 2.928075296129639682e-01 3.927698384400478915e+00
4.421336824019040712e+00 4.233676167907913346e+00 2.844624925534412707e+00
5.128226607535383508e+00 1.039428629147804628e+01 5.967340884474927165e+00
1.151681424412381194e+00 6.385939410305024211e+00 3.809720868869673538e+00
4.523236975139507621e+00 7.950261730047138542e+00 5.874393039352639789e+00
2.909885423192747123e+00 9.962728079934231040e-01 6.902054839764973693e+00
4.976890621242941570e+00 2.215681723729196584e+00 3.586323432189768567e-01
4.967047712255366676e+00 4.104677181142451836e+00 4.607161201335737921e+00
5.868513425445826215e+00 9.732962705098621825e+00 7.100025677536690338e+00
9.117627899316188334e+00 6.025836972213392428e+00 9.063613933080215901e+00
2.396645673459416592e+00 5.842095383915848927e+00 1.794839769088293124e+00
1.855273583504672974e+00 3.583549491856390379e+00 3.466957398802992252e+00
2.024909602158712740e+00 2.069772494994013723e+00 -5.464691858382733081e-01
6.892294878431202143e+00 8.064053587058989336e+00 1.114650364414074168e+01
8.207495080634213735e+00 9.555021316768254280e+00 1.971386418255919537e+00
4.687144800429462244e+00 5.633363115861362402e+00 7.529195398004340234e+00
7.053040698063260727e+00 9.224709528769896139e+00 6.036863025807975625e+00
7.236115368229063982e+00 7.019148111240985699e+00 4.470892734209658492e+00
4.705613128092913655e+00 7.273969996204875166e+00 1.070020209910129250e+00
1.225471796660057899e+00 3.870293337791899102e+00 5.194339449480676052e-01
4.240407816209780023e+00 5.903638034333155815e+00 8.812782020315873766e+00
1.574793277298156102e+00 2.858550948899704736e+00 1.148216635971808675e+00
4.094999835013387823e+00 8.472839439843382614e-01 2.386859185059380550e+00
7.715026114000981927e+00 5.081571888651393643e+00 8.000147305027949685e+00
4.556218793727744298e+00 5.468606659400469638e+00 2.907414158787381186e+00
5.650145296742399736e+00 3.450132698423014510e+00 4.775449891839461003e+00
5.165399213987307725e+00 6.323469810839603689e+00 6.798052867452373249e+00
5.372868081123259643e+00 3.446343390624706515e+00 4.872204220971619648e+00
2.470391393373542410e+00 1.893946462227435124e+00 -1.762741470186192316e+00
3.902385318364958167e+00 4.348663061460626977e+00 1.074678622974927045e+01
5.873725281987631774e+00 9.947065383455846899e+00 5.657821304423532816e+00
2.330545710346376698e+00 5.228657078755589716e+00 -1.159611176190982640e+00
3.996626763988727848e+00 4.278368426815919889e+00 4.029476904697304462e+00
2.675075914062885474e-01 2.318706973372404612e+00 2.982806678566283676e+00
5.185456637601129515e+00 9.755289950527865628e-01 1.658653849266849889e+00
3.970717597923116404e+00 2.873539757144229156e+00 5.520816200271665863e+00
7.281377457773290374e+00 3.359179282398296884e+00 6.402663734400961815e+00
4.209857885446147918e+00 3.694819564794554534e+00 3.112613614401537276e+00
7.008977806062930860e+00 7.788501727251142981e+00 5.885450979670273419e+00
5.207578451842073797e+00 4.718540687432243530e+00 4.877139907845688072e+00
7.399855336009397710e-01 1.015482666855292759e+00 -1.594033314292444103e+00
5.029520305815838199e+00 3.730030530612864936e+00 4.973553794882624501e+00
5.910672857527476509e+00 2.806153596324566291e+00 9.156776101424797254e-01
3.177583216749538142e+00 5.198668236092828465e+00 8.133216049189275765e-01
4.556269374841953379e+00 6.452767149052784035e+00 9.013562592331757273e+00
1.192665754955804047e+01 7.192926415601563761e+00 1.328454920098989156e+01
2.459048969615301949e+00 6.883301345033722818e+00 4.602607551441500355e+00
8.825818211211460707e+00 8.570167179443082262e+00 1.153133799869177700e+01
1.789708863111375781e+00 2.632482452391044170e+00 7.933715651005765146e+00
4.855787442455649305e+00 6.489209051939917927e+00 7.058072612009327784e+00
5.091689497270259324e+00 5.881500497909457614e-01 6.375369457489037828e+00
5.617100811759270229e-01 2.802095655085264259e+00 5.262475784983970506e+00
6.336893278493626269e+00 4.858868805683213665e+00 6.479665073921273333e+00
7.688406850962530292e-01 3.607246864358411909e+00 3.105196090847156309e+00
5.686267370762571716e+00 7.220906363696228958e-01 5.292444241621979018e+00
4.934737981588696698e+00 5.089672082714132628e+00 1.115659391705164616e+01
5.343079553378444757e+00 1.704080922609382931e+00 3.307557800284352645e+00
6.497017432668052983e+00 8.799987419097389463e+00 4.589772521474580813e+00
2.192961392678531851e+00 4.736375225075214246e+00 3.058406040469940468e+00
5.910836256457068671e+00 1.287504956207152773e-01 3.766672043559295968e+00
7.166101324665007155e+00 8.963852477080466841e+00 7.138260314914934845e+00
5.688387013125876912e+00 5.827958356058779543e+00 4.222045959323233788e+00
1.695936412999000886e+00 4.374237416305215120e+00 5.537968621381023304e+00
1.866784818190785566e+00 4.031473327084753144e+00 2.025407685856416951e+00
6.376123387410107313e+00 4.983683732093356689e+00 9.006157423468190260e+00
8.906797959455126090e+00 9.483273350411035807e+00 7.323875805342275669e+00
5.537604273360289930e+00 6.226347583503513583e+00 8.926960793698896168e+00
5.851138300273073689e+00 6.973606681841302724e+00 6.563923954494068624e+00
3.153951768295646385e+00 4.827748232308183951e+00 -1.973934042734096117e+00
9.932301793855254246e+00 8.172347024799185178e+00 3.411499517823377126e+00
3.706224816290183188e+00 4.405769542677136386e+00 -7.337685695152305065e-01
1.441942620599066638e+00 2.137148493830433260e+00 1.308190238287100460e+00
9.920470526378895926e+00 7.475248730246760509e+00 8.062433852235189491e+00
8.032864273847279080e+00 1.748636904843055895e+00 7.858353642283275597e+00
7.812709908459226860e+00 9.530798854062766168e+00 6.711854102105628606e+00
7.446067519924270961e-01 8.536805881497633308e-02 3.892056221286479545e+00
7.412759165006056250e+00 7.564395866870547103e+00 5.262871023095513578e+00
1.626807940694418031e+00 2.965488659578009223e+00 5.020128168907433519e+00
2.335982401815607901e+00 -8.838185381891574544e-01 3.993848973291222570e+00
6.060302055387408515e+00 5.980255932321448142e+00 5.615408911290791671e+00
5.211515305269563747e+00 8.021651481948335771e+00 3.954631806417973738e+00
9.707151272986424217e+00 7.236136559880351093e+00 9.065883866875889652e+00
3.557004226990408302e+00 4.010786837514842773e+00 3.181586327971393846e+00
5.965291837496791594e+00 7.299857458546717304e+00 8.717969883507311835e+00
-1.776062703898180217e-01 2.775722985672231857e+00 2.594525891118760530e+00
8.533692999202207474e+00 1.062219854228942673e+01 1.023128109285572940e+01
2.925314131004618456e+00 5.555506154500644556e+00 2.176544781813501306e+00
6.074380554020764933e+00 1.008780682749753854e+00 -2.154089067157528348e+00
5.132712418668774035e+00 4.904782098859887363e+00 6.380382943680329433e+00
7.215716678746246338e+00 5.647750523072200046e+00 8.785334631501747538e+00
7.265432218122256813e+00 2.170338701578137908e+00 6.235178083338299260e+00
5.301180350065815894e+00 6.996440155871641586e+00 8.316208578269371543e+00
5.642067094573903319e+00 4.316547721039523111e+00 2.910805249573281905e+00
2.750115481833864450e+00 2.912355698494249800e+00 1.430441878686693258e+00
6.872476854460739304e+00 2.472420626830447166e+00 -7.252966297171945520e-01
3.965275931474143256e+00 1.462315305696408885e+00 5.464505588042700701e+00
5.845958264239843771e+00 5.936605951690925309e+00 1.037621220898697594e+01
4.554333798932464816e+00 1.768650269754310278e+00 1.861145385158537779e+00
7.095670170968170432e+00 5.020859253676160705e+00 9.290170839686396675e+00
6.392251221150123897e+00 9.583840067538135443e+00 5.827215715581505862e+00
8.225369395929410743e+00 9.321209895271982404e+00 5.067584767936437196e+00
3.947812900453416596e+00 4.104115676657279721e+00 3.124187322489515584e+00
9.019873407581805225e+00 6.566426970364209303e+00 5.951300225710390635e+00
6.170539184077208361e+00 7.493501618874507386e+00 7.429163904603371726e+00
6.214210457989220338e+00 7.962826295758788753e+00 7.273253308131072181e+00
4.684548794282890505e+00 3.139432476984069353e+00 3.348507932582787117e+00
3.514482105854416005e+00 2.317098780038769235e+00 5.821745728753755067e+00
6.332773412683659231e+00 7.303633323156113022e+00 8.065358895829067620e+00
1.141660445050390438e+00 3.875884949273785018e+00 3.572804567301784306e+00
3.496997844768260144e+00 2.300303445794724233e+00 2.648639750934327353e+00
6.351361663260785662e+00 7.265506026427345887e+00 8.435880547057804435e+00
6.975374273453281759e+00 7.921154388455787121e+00 5.951062658396867988e+00
1.116659676653244659e+01 8.291995988422417696e+00 3.830768266252105203e+00
4.075152531561323954e+00 4.152109737897952790e+00 1.794487097241786122e+00
3.093985217387399178e+00 1.830306118171307839e+00 5.340384794197696294e+00
5.862774501083679368e+00 4.817091433615453333e+00 4.441584320476628100e+00
6.498860183192252116e+00 4.170681796780318251e+00 9.293251962733169336e+00
2.332701128748424502e+00 6.312166601707922986e+00 4.427449454906930981e+00
3.148765941700563786e+00 5.624324109456053655e+00 5.961507653703931098e+00
4.252596501746366719e+00 -1.673898785164106506e+00 3.505339929545927991e+00
4.861435043290991409e+00 2.124146658038117419e+00 5.064163056073105906e+00
2.849528350880323746e+00 3.923272154368381504e+00 2.478131936546318581e+00
7.927592439215935372e+00 4.541856459953029557e+00 7.545504228808379565e+00
7.558338219013254644e+00 5.293510982349538985e+00 9.953645233150771432e+00
7.015974770054892673e+00 5.200996589582326024e+00 7.486741385519653846e+00
6.091923355377491411e+00 8.460075647812903554e+00 2.734593249951067229e+00
9.264572879810387462e+00 8.147639910169095501e+00 8.104408121321784009e+00
7.325836331870124063e+00 7.264189230615690995e+00 6.932159624966986122e+00
2.092383213972373035e+00 3.868009486242907968e+00 -2.258426522509557444e+00
3.846741579265999356e+00 4.960502721655894121e+00 2.530245351228103790e+00
1.185110547470528886e+01 8.701063203266041768e+00 5.665075024905369183e+00
6.257884217457724496e+00 5.812068876976232090e+00 5.992361998280641089e+00
3.644348988421603597e+00 4.414689715938433956e+00 4.212484115576287103e-01
3.328168157484831635e+00 1.381431094592067366e+00 1.584262994168495142e+00
7.752262338810425035e+00 5.727523916081299404e+00 8.762654839910986482e+00
-2.798763966522807678e+00 3.716678691230057119e+00 3.813559142050772621e+00
8.273557159293737584e+00 8.700292444790896695e+00 7.537653771712931494e+00
2.892449211525716102e-01 1.367945387850874939e+00 2.835483794855381934e+00
6.268210754680120012e+00 8.011675590207644859e+00 9.020826560969025465e+00
1.317899487258038516e+00 2.448960956762560315e+00 3.799285737051130152e+00
1.025911435065529620e+00 6.821989544445290043e+00 9.364114622715060676e-01
8.413127681186743700e+00 3.840440833133492493e+00 5.167968050691420956e+00
8.175316080309460887e+00 6.388812095985744399e+00 8.134630646770318663e+00
2.878752816580673723e+00 3.588482981697334040e+00 -5.886858698680561552e-01
1.444275309431689580e+00 1.152826321010522959e+00 1.023403696775490701e+00
6.855280128805024020e+00 5.219048805002353575e+00 3.925472498070722072e+00
4.441599704545369676e+00 -8.010610676338747460e-01 9.087476373672309649e-02
1.102989969901052802e+01 6.897823736697533903e+00 4.081575536830158946e+00
4.852563805074302294e+00 -7.151971569906789838e-01 5.154361070830860037e+00
2.838008625746546887e+00 3.123560884783083136e+00 6.288804369483596446e+00
7.070826499457820269e+00 6.302761123655738373e+00 7.272984613044708446e+00
6.023665824802129087e+00 7.032731978535436745e+00 8.187874710248200572e+00
3.511400076416967941e+00 2.944682691967775323e+00 1.784212336576619151e+00
5.333344259029456857e+00 5.692853595027911773e+00 3.514679211409229787e+00
3.209181840640292105e+00 7.562609127707595746e+00 7.512151958580367328e+00
6.407709873098515807e+00 4.821617640608124589e+00 4.689532930361835383e+00
2.917003967239864437e+00 6.832097679777769272e+00 8.161726607292692393e+00
1.169725656932812718e+00 2.267898505710597590e+00 5.477317028687973988e+00
4.450810706390702975e+00 4.354135733682491960e+00 6.351026822383519566e+00
3.836175566602443521e+00 9.841962770819355555e+00 3.894661176603350317e+00
2.863435558601890030e-01 3.787158275670906349e+00 2.577599377915999135e+00
6.420378695707363192e+00 9.302088330470107636e+00 7.782770848265310626e+00
1.963581567947025874e+00 8.523336632945717639e+00 4.350792386485261787e+00
2.996441895031847658e+00 1.606466155181262012e+00 3.594489653890975855e+00
3.516498576083323613e+00 7.109110913197492998e+00 3.869482012285240025e+00
4.239982759477780583e+00 3.292621622061298492e+00 2.629869078354991174e+00
3.862380203700996439e+00 1.499526629953105372e+00 4.118064332849897369e+00
4.294644695944946022e+00 9.512733558906933951e+00 1.030778806210476795e+01
1.041750625069599367e+00 2.286406414907415030e+00 5.418511068860302871e+00
3.292179348415444906e+00 9.538011806623261535e+00 5.057908255162679723e+00
6.343313380328369000e+00 3.315703366768313121e+00 3.733806399571744983e+00
6.986477552298877569e-01 -3.350561292311104999e-01 5.714525152466054969e+00
4.550760345745531232e+00 4.121423673141356048e+00 9.915980574264930958e-01
4.903775159502711922e+00 2.480668417433049555e+00 1.060298072542880332e+00
4.728962090795112871e+00 5.369727693355843101e+00 5.396541031712351000e+00
5.401301576187366393e+00 7.147047034682902478e+00 8.861885280025253664e+00
6.148927180163282102e+00 8.083225603985233931e+00 7.552015545808504982e+00
8.108213638752699737e+00 6.719781766617089147e+00 6.148836433373827681e+00
7.029390412548993439e+00 8.336752475165052800e+00 1.055708637379847659e+01
8.115003312227972998e+00 7.142073850947809888e+00 4.982983355184842367e+00
6.900556049600482744e+00 8.612935895180955370e+00 4.084856805872371766e+00
7.299812844848203142e+00 6.886972097136363935e+00 8.260385805714330232e+00
2.948326200847643630e+00 1.072794565814707557e+00 2.303809938607687791e+00
3.943369193103574144e+00 5.307056856165645264e+00 5.176763615051193312e+00
3.312003014477882701e+00 3.547626047779635972e+00 3.561253610271947423e+00
7.763895955890463441e+00 7.064124056322378387e+00 4.394659053053807440e+00
8.534200534259948512e+00 6.276572624883741014e+00 8.812429602405794427e+00
8.702960770009292801e+00 6.946162763484581504e+00 7.612569431473962034e+00
3.385007978107457127e+00 2.507049215826742561e+00 3.864245790118657542e+00
8.965936933404011100e+00 7.157642343102885718e+00 9.659897085497551217e+00
7.956588329842974261e+00 6.323509326334976421e+00 1.112427379189549015e+01
6.241886091588289887e+00 6.956258473663436526e+00 6.011344666033748396e+00
5.288427787485558973e+00 4.098079631210508111e+00 3.662612015497935136e+00
3.195874849766087156e+00 5.891133600480049637e+00 4.023258165325333202e+00
9.970853746021749231e+00 5.413333256741745814e+00 8.880055393402187747e+00
3.910908063154696634e+00 8.070846412656024427e+00 8.165893947562766542e+00
5.179656015262983360e+00 6.852981398459648155e+00 4.594081808512929577e+00
6.213365340092778411e+00 5.839840381762322785e+00 6.813507245882109764e+00
5.239598653419652585e+00 7.512352371316928235e+00 7.182597223523994323e+00
2.102416968551209742e+00 1.296991816688342070e+00 3.396915860360046224e+00
2.555804944928817157e+00 4.922670603829610414e+00 7.000188796535334212e+00
4.074120018492786599e+00 8.774920350103659672e+00 6.110958623940877743e+00
1.161291572714950959e+01 7.545700001521317368e+00 9.595294635658209614e+00
2.311776442428428169e+00 6.409224506243859310e+00 6.455745983507270580e+00
5.334909077935331645e+00 2.498062887748695449e+00 5.447312221849309744e-01
3.912987956314095683e+00 5.092622891235591531e+00 5.425521762634033962e+00
2.250979995858042315e+00 2.897778768559419849e+00 3.016940803937230520e+00
4.235931081801400211e+00 3.989616773451667875e+00 1.598437027841117519e-01
6.244936202096918798e+00 3.364022452559750853e+00 7.711782387045414744e+00
5.944084555363329692e+00 2.046795405074194996e+00 3.091746510585623664e+00
8.465073290137103967e+00 5.340484555901964470e+00 8.184908396810339326e+00
2.944867853027617777e+00 2.896109638474581693e+00 1.060846308922509085e+00
2.601002871644109149e-03 2.722262024209931575e+00 1.719117481473573905e+00
7.965707483779687514e+00 7.660863983589144333e+00 5.786738734679817142e+00
4.241841053166892195e+00 8.318846940418529456e+00 5.153474395983675294e+00
3.852896725496330443e+00 6.799013890020333406e+00 8.907773631714432483e+00
7.285626612137082070e+00 1.088450387770749117e+01 8.392946741281315681e+00
5.645546431408649646e+00 8.662127631998560062e+00 4.647104818892072942e+00
1.000522122175179973e+01 8.810974098699954737e+00 9.566256474224289263e+00
1.723611418172278142e+00 7.210395002329171632e+00 8.099179030159339376e+00
2.910431657859766652e-01 1.433777621682537751e+00 3.039112337881177517e+00
8.465979755042994270e+00 9.761473354051652507e+00 5.324960270311525967e+00
6.474137292897490958e+00 7.306671798035476506e+00 4.001561153262231940e+00
7.925230278489594937e+00 5.215311392426951187e+00 7.915291125671366501e+00
4.110709369359861753e+00 4.048283691223570457e+00 2.938705063426850117e+00
6.050371113589640082e+00 5.482586340787217516e+00 7.135870227986812253e+00
7.944944608217078930e+00 8.575682062087588875e+00 8.219196896471272495e+00
3.858298461365730514e+00 4.315900464892214572e+00 2.806743824977422364e+00
1.022526290629666157e+01 3.196120593497860707e+00 6.826651778188872477e+00
8.278626918452285821e+00 6.101896078861286377e+00 5.129472579034592528e+00
-5.321580405591395113e-01 3.297665149285160080e+00 4.709592689876531679e-01
3.505796636128715171e+00 5.031389176884372816e+00 4.152562776130213962e+00
7.285900090754775960e+00 7.484004815736279070e+00 7.815814312176727618e+00
2.808556178044933738e+00 4.522530210770985271e+00 3.851988705784030298e+00
2.570927928843640409e+00 2.308173630653292729e+00 5.601937271371010496e+00
8.962260171425866062e+00 5.504998200644591222e+00 4.958989400674129300e+00
2.210574718800240035e+00 1.018542562568155674e+00 2.099144195687681069e+00
8.027890072157171986e+00 7.225690484087357035e+00 8.158727464963087428e+00
5.113659232215829853e+00 5.896598028381601964e+00 5.644836451261634025e+00
6.508847846712225937e+00 9.848876834104245859e+00 4.001944115011630387e+00
4.260557890310313844e+00 2.059182093975687078e+00 2.972181098821798706e+00
4.895872699965904573e+00 9.118061988169166909e+00 8.681266542546101306e+00
-1.533359736035062149e+00 1.461343209209893468e+00 2.339027288815843431e+00
2.560995675013218786e+00 1.677586460360640297e+00 7.845595277691900904e+00
4.600846917310107642e+00 5.223628954468344077e+00 3.620183342214029487e+00
1.096557785818712460e+01 6.057864003169566303e+00 4.945230710096074844e+00
2.375454619882465757e+00 1.765791870738399494e+00 4.146373683260453191e+00
5.166865229347335386e+00 4.015905186921574277e+00 3.628421779561226579e+00
4.901475591110244778e-01 5.734811370348359638e+00 1.355898247114778465e+00
5.167189049425172875e+00 6.335298279678590383e+00 1.308052748939160281e+01
5.056766515449743871e+00 1.097031900112642155e+01 5.779380759674384471e+00
5.071780234307561308e+00 6.518270242967713735e+00 6.147205707892951843e+00
7.314479896826776795e+00 5.624077124176188214e+00 4.923284683948496721e+00
5.656334202810633371e+00 1.782744347707579280e+00 3.213266794516036029e+00
-1.183267259365843316e-01 4.308690269798861827e+00 3.183069028462579553e+00
-2.012863367783293000e-01 5.816840850564014787e+00 1.787851321924846637e+00
7.883225772107935292e+00 5.956233688893440181e+00 4.775112548261437162e+00
6.276101669608826761e+00 9.698462471887875580e+00 7.758324909787906343e+00
2.915772875088267657e+00 2.770042569220855011e+00 1.842819306731862117e+00
6.229406290515134614e+00 7.134464382921185788e+00 8.950957685536531372e-01
7.408919351515866225e+00 6.706508750804943020e+00 8.103843723980853397e+00
2.271862448477135477e+00 6.982991648250419736e+00 5.036313064382706983e+00
7.478107541340023978e+00 5.936909193489595005e+00 5.190791675336967614e+00
9.189085629545717282e+00 6.432805469659530040e+00 6.758903292519964801e+00
8.442365952807739049e+00 1.848586341238607211e+00 4.023982699147665265e+00
9.430612125333739826e+00 7.942756510969388728e+00 7.519254017083901509e+00
2.556282705313086989e+00 1.694555577442478089e+00 5.799229846491842366e+00
4.801479892441461672e+00 2.291856098356418237e+00 3.705878189191615490e+00
4.105677115175818237e+00 6.363596767856463998e+00 1.875591866148308418e+00
4.712570853745478239e+00 4.989315623011396639e-01 4.623752022899257241e+00
6.686321974743982821e-01 5.489966803717692301e+00 1.701733604662688748e+00
-5.862091100181485714e-01 1.678157724480384028e+00 2.566171252076222320e+00
6.026281728078160427e+00 3.404563997876398851e+00 1.640172377617910016e+00
7.313640407928862608e+00 5.203794937376025942e+00 7.358472573291352958e+00
3.084282534089006766e-01 2.343578201012415985e+00 1.502675384660012048e+00
2.615121034067664940e+00 1.783171089294885769e+00 2.258026221924111177e+00
3.301836690425642207e+00 2.374666272052426308e+00 6.673633475482463773e+00
-9.979236728468743323e-02 4.249872978896590325e+00 4.809713826234395917e+00
2.784427381025635917e+00 6.463122806695333011e+00 6.671373864737432768e+00
4.522605734000320510e+00 6.184055843249993245e+00 6.699691182816143176e+00
3.958284862998874054e+00 4.762985310254336468e+00 2.160583673223927637e+00
1.439805055331594419e+00 2.315826656803427142e+00 -1.359608173269573506e+00
8.044690493360722172e+00 8.405553562539445522e+00 7.639031768179758153e+00
6.503166263302373018e+00 1.330644554706417182e+00 6.799786249621298850e+00
4.165275073360520608e+00 6.776498346629840519e+00 7.456639917810939266e+00
4.749821726176071124e-01 4.356560885499588309e+00 4.045920325177840837e+00
7.333542200857447568e+00 7.212959035527994445e+00 7.015728273971935103e+00
6.764233264631278608e+00 1.023093479602490774e+01 9.163790203305705262e+00
2.603658903376604883e+00 1.710018805902459693e+00 4.047830546146661490e+00
3.451729407302503549e+00 4.934798951096026620e-01 9.559712720530049168e-01
5.293808632901090050e+00 2.738357862731469083e+00 4.420080775975425702e-01
6.159456535330342319e+00 9.186496879204248955e+00 7.484332003598239247e+00
5.716405454800551844e+00 6.544636964508251609e+00 7.329331939803974016e+00
7.200902013336044405e+00 6.499068912165169465e+00 6.834147573921971031e+00
4.810418132177910699e+00 2.022172848279404356e+00 4.474143862303248120e+00
5.838486832103775725e+00 4.567625302124568520e+00 5.306536512094108815e+00
8.590468828875899021e+00 6.124133411869808086e+00 7.779956835152947114e+00
3.291288684057986469e+00 2.452972669073115952e+00 3.996380498417767324e+00
5.615251598058991434e+00 1.054067176755435042e+01 8.501688347881515284e+00
8.223421868348490094e+00 9.042795341703808276e+00 8.833776270173043343e+00
4.262092932156390290e+00 2.479551351591986919e+00 4.219261266821390244e-01
4.798228635852928470e+00 6.079820915408328474e+00 4.999319834507085503e+00
2.261815534342001666e+00 4.414957021070927468e+00 4.901926881449434781e+00
6.150359181091777927e+00 6.996772116657318463e+00 7.331172071106649923e+00
6.982132312706891497e+00 9.598253942358361712e+00 8.767945603224427842e+00
5.934473927007562821e+00 1.584430787556442732e+00 2.357503253247396291e+00
2.951380397162727043e+00 7.914652202878342813e+00 5.138786154415691421e+00
4.424466898331685272e+00 1.702143135525908235e+00 2.181820776600411627e+00
7.058380196081566638e+00 8.076527461539216191e+00 4.502178500493905666e+00
3.903373733001347823e+00 3.367421781361302102e+00 -1.944815663706610742e+00
6.001451854865867297e+00 3.100684194815404471e+00 2.487699578552687640e+00
8.026734273514268381e+00 3.312086093731421599e+00 8.838997683489603574e+00
5.873367766925253974e+00 5.914640377500262503e+00 7.579033830422678975e+00
5.256225360072432906e+00 4.861799212761349409e+00 7.872517052567565621e+00
3.309955334940438032e+00 4.599133699729955893e+00 -5.303302209643048215e-01
2.164758093249815829e+00 2.629936441732819485e+00 5.189119352361489135e+00
5.438136752167712196e+00 1.437800469807202219e+00 6.114848429489107673e+00
7.024638937612004419e+00 8.111735239956782806e+00 8.964161415066930871e+00
6.390299742984240972e+00 1.179885580359265163e+01 6.595938000229597975e+00
6.866930337879058932e+00 8.804137025228358837e+00 4.384118304579001091e+00
9.610694466908974221e+00 1.082762301721878728e+01 7.979746893715327971e+00
2.250439640906720662e+00 3.514420199352390917e+00 4.869594779092512482e+00
5.209863283926742028e+00 5.576900224347705937e+00 5.301839665462550144e+00
6.608907045028778349e+00 5.678492863814978975e+00 2.343656023653885700e+00
6.307447812395699849e+00 7.346324592725197888e+00 3.858643808741760939e+00
9.351682792932336952e+00 9.340453389149033114e+00 5.930614930702414078e+00
5.880693791003223758e+00 1.702755961983442923e+00 5.257853103130250894e+00
3.219744178361877651e+00 2.114535097736935043e+00 5.015230059241698513e+00
-3.517175960525698031e-03 -7.003293557223795318e-01 2.840046399493234563e+00
4.791889371913740092e+00 7.066107056424323574e+00 7.980441684361561983e+00
3.439345352678280676e+00 5.246899945413856514e+00 9.585772728001645149e+00
8.765122477278481483e+00 1.056158599172088053e+01 4.959346143424351538e+00
8.793375953214669138e+00 4.149677822347756617e+00 8.317935354290739269e+00
7.119675748279472138e+00 6.541758202620700402e+00 7.872384441662712895e+00
4.558073964354500518e+00 4.067930951853677257e+00 1.993341645157586051e+00
3.816417218566415137e+00 2.300846605124133415e+00 3.686001787905442306e+00
8.877312260325822990e+00 6.691925988164293848e+00 8.915525690200963638e+00
7.996527200662976398e+00 4.262650360147517858e+00 9.167149153978391141e+00
-1.526056223938008216e-01 4.901421522103634132e+00 7.545272360235448339e+00
5.302847280312609435e+00 5.953148940771169961e+00 3.246231070525629203e+00
1.016339851769554770e+01 6.756831322903004811e+00 8.164772210168779409e+00
5.371074832617224182e+00 4.803082709904593628e+00 4.065360630448733303e+00
5.579073498659021801e+00 6.471388051045193102e+00 3.401981729776283547e+00
8.403528447766486664e+00 8.072591136785655763e+00 5.093927629443576244e+00
5.271294674644435574e-01 3.188829113111192104e+00 4.446584441716522562e+00
7.715931268375769925e+00 3.758093476686883871e+00 8.668783167870678597e+00
3.261556592924735209e+00 5.633065927588489785e-01 4.123329457704514311e+00
3.855877209049875631e+00 5.914741293798597255e+00 3.187113741841380854e+00
6.554156057613978348e+00 6.084705113243670027e+00 8.481247292987719177e+00
8.294212763504731356e+00 4.950994037541807558e+00 6.055600150662220571e+00
5.540970285608600499e+00 1.561846763708753416e+00 3.162679083778062061e+00
3.059407917117224596e+00 3.293952510101329167e+00 2.018780366320401143e+00
6.227325415268329500e+00 7.120074934539522005e+00 5.988849130197594128e+00
8.012308850849482411e+00 1.907552821343313942e+00 2.825878542020986650e+00
2.621823123756818141e+00 -7.396714498486471889e-01 4.575507875955572956e+00
7.356449497177967700e+00 5.421243782209845818e+00 6.892546102184160972e+00
2.498806913651432371e+00 3.322773751122324537e+00 9.406439394884666960e-01
3.113855863580869521e+00 4.782816928392933598e+00 2.801510512746638870e+00
6.595246941898611936e+00 7.838379695109752632e+00 3.795244356135103914e+00
6.205197298935285488e+00 2.669935796278548601e+00 5.336722261356757535e+00
7.597239402001982889e+00 7.504308133826781635e+00 6.560860355555066192e+00
6.142372502049746608e+00 9.533094049894680566e+00 5.960169102679325093e+00
2.621153231744371315e+00 1.550000378359809083e+00 3.850942743610694663e+00
6.792751932377844248e+00 6.776122192877150674e+00 7.034359891832307810e+00
1.073455596695917169e+00 4.239779404371756044e+00 1.687683613641622005e+00
7.914552762201575220e+00 1.026492066752154209e+01 5.268317087241023877e+00
6.931660532671001462e+00 9.936676325847764168e-01 3.826935752240004707e+00
6.866293001982246125e+00 8.720752160628208571e+00 6.998099211701175548e+00
2.553060818766470508e+00 1.283459184261802388e+00 4.009478376033508873e+00
9.598755995479509195e+00 6.595013164681503781e+00 5.390201632319931768e+00
5.927811171101938115e+00 8.177415418356362764e+00 5.938097742437284943e+00
4.598933300582861428e-01 3.088391641845200652e-01 3.225730675114053536e+00
7.212952865796909308e+00 9.974538746502336295e+00 4.920934907351915300e+00
-1.339847963622950999e+00 4.285877301990685062e+00 1.310104064943429680e+00
5.109769586563176702e+00 2.144020969407017141e+00 4.406124307802639528e+00
3.008651238560928753e-01 4.460556953065721864e+00 4.011066528426772138e+00
5.109061979900084260e+00 3.297729705614167894e+00 2.160069220062572626e+00
6.000181193129033197e+00 7.199165349911883283e+00 5.428223662591268095e+00
7.399713291010826310e+00 7.126378117395471001e+00 2.800463301771940472e+00
8.493978731963981232e+00 6.242640478318907782e+00 1.079794077320737777e+01
4.701683376813624804e+00 2.476918665946675979e+00 6.660407685422573110e+00
1.329961667037939277e+00 1.630303677602515933e-01 2.603820579073701680e+00
3.554220397644297869e+00 4.879278480289253928e+00 3.572666517205599135e+00
5.199245989479805985e+00 1.685969302863014940e+00 5.988722804457927040e+00
6.532966694709161359e-01 4.509242721761492767e-01 5.889011571596757477e+00
1.918294985729771973e+00 3.714493692836014382e+00 5.705608952262426037e+00
3.402340249289428797e+00 2.800796732671111400e+00 2.603795543804772628e+00
5.219564086516097490e+00 1.424945423817623791e+00 6.909082383343958966e+00
1.717121537801100661e+00 2.590150184624895324e+00 3.956088223058230824e+00
7.974925094941992754e+00 8.377623982843287465e+00 8.774261118425091155e+00
9.610263559119916366e+00 7.057707422050848223e+00 7.859606225975413807e+00
2.612948730289540222e+00 -6.524722143521621831e-04 3.783880812843486652e+00
4.264337694026224312e+00 6.146150443461194435e+00 3.586652995820363898e+00
7.137064474721968921e+00 6.864334989002797371e+00 5.866058364272905834e+00
2.384975255797947558e+00 3.369616844262658173e+00 1.520314920559848515e+00
8.785208969683417024e+00 8.601174607477926060e+00 5.580917161091385914e+00
8.462422884087976271e+00 6.715055514638216927e+00 7.005070356478779736e+00
4.522211788421348189e+00 4.506599728124462523e+00 6.955028644972670371e+00
1.146779938884749495e+00 3.826258895967164175e+00 9.022766099742507429e-01
7.997285759261442806e+00 8.244847769697052797e+00 6.917575422962288556e+00
6.415935613489846645e+00 5.536875534554838829e+00 7.311501108636746515e+00
3.981624069228764107e+00 5.950655600358574659e+00 9.300001849035812285e+00
4.880305518536027343e+00 7.323712143581851741e+00 5.688056292222459120e+00
6.763748654533173088e+00 7.944607711623478785e+00 9.140136587398139056e+00
6.625856724800073927e+00 6.253197300535891401e+00 9.438430674829044520e+00
9.182247353352737562e+00 6.763827198799753582e+00 7.111471483298784868e+00
5.960268394325422214e+00 8.184552437098183475e+00 6.887886393790116912e+00
2.794487069428103876e+00 6.004625604191003774e+00 4.233843734623542687e+00
7.034249585041526309e+00 6.091806261519917776e+00 8.477676904514149570e+00
4.087001657697113544e+00 5.060688406605594380e+00 1.554800657428896393e+00
1.671654675019192737e+00 7.238634625613525664e+00 4.510675536016529819e+00
5.314131247560726301e+00 8.064172062797307916e+00 6.868884679918690672e+00
3.197470087702656727e+00 2.649603810028848372e+00 2.894047116480973347e+00
4.941448092821481453e+00 7.721172881778918473e+00 1.061757923925761204e+01
2.586473024772448781e+00 6.180807433851819965e+00 7.588709005999119128e+00
8.397792233773616388e+00 6.381779939631021747e+00 9.807656758840181510e+00
1.060598086419540209e+01 8.236159235543617285e+00 9.302629297810042885e+00
9.215002615379521700e+00 8.162595538717106081e+00 7.290912440347686818e+00
3.958383204409781975e+00 7.234951387126012712e+00 3.955991823028146559e+00
2.200424143793266563e+00 -6.201701737107789825e-02 1.079632973435744603e+00
4.909987245913308485e+00 6.818883254205880817e+00 8.455522661448480193e+00
3.587867694767992610e+00 8.415687745091901206e+00 5.761590726034938825e+00
1.005396112230574701e+01 6.514283237948477634e+00 4.835641979254708289e+00
3.266424204310432788e+00 4.403483632442812379e+00 8.318018904448121198e-01
5.259161727568125499e+00 4.688471382574388890e+00 5.176347840320212335e-01
5.933491030857057424e+00 7.063075921878043673e+00 5.847599101736392413e+00
6.955543185631150926e+00 3.823593014076662744e+00 6.815812741341009229e+00
1.204729895147331753e+00 8.449715884094617380e+00 9.884447329344205002e+00
2.064592631558791691e+00 -1.408313374363987514e-01 1.973668680416276189e-01
-2.241589957606364258e+00 2.357343662783126792e+00 1.665000920162981624e+00
2.938056282602969471e+00 2.560741634219007246e+00 4.091092944180836355e+00
2.753646221442934916e+00 1.654331167713065875e+00 1.868163111828004430e+00
-2.979004731896210956e-01 4.706472263328922878e+00 2.297926932506042075e+00
6.745586103860476079e+00 3.452157892160454100e+00 4.348549397149053419e+00
2.335856635702931783e+00 6.345849816133211974e+00 2.011254884832763601e+00
5.508883307412402175e+00 8.658613949423440204e+00 8.557399020055939332e+00
8.040075644515157549e+00 6.937018070832436045e+00 5.178314563649787594e+00
2.116563600909308285e+00 2.230489097077434923e+00 1.611798081450916964e+00
3.506291030654820950e+00 5.439932514698044841e+00 6.139629254875514697e+00
2.054159610623463195e+00 3.746474289655938428e+00 -3.959651179558290046e-01
4.757547741592049739e-01 4.809369538428538426e+00 7.164582216319304031e+00
8.991991333659566266e+00 6.743984437803759668e+00 7.267226128395298801e+00
-5.109474416832253674e-01 1.867537361002701957e+00 5.806557492929519171e+00
2.505079387948924818e+00 7.052206178277253379e+00 3.760750837633500154e+00
3.837114449098505187e+00 4.583168075321262691e+00 4.517397017532004178e+00
5.765912467663726559e+00 7.958078675923144552e+00 7.435401270736170076e+00
3.231931653530648152e+00 2.002374801263274939e+00 6.277119670240938198e-01
1.389922437665272570e+00 1.843314117011705999e+00 2.238746790017265287e+00
6.889995786595226157e+00 7.461881918022228000e+00 9.004609722781982128e+00
-1.786244456267023217e-01 8.604306387549782720e-01 1.235943678007945801e+00
6.627960315477547937e+00 6.032182322358636384e+00 5.613300312718376262e+00
1.801638722256623026e+00 3.276013647748644786e+00 4.003340649613481794e+00
6.355812951450692694e+00 3.724481825937107082e+00 3.900961956535845321e+00
8.104871348839047585e+00 3.807731569323838272e+00 7.313590865650146711e+00
6.974356525179797650e+00 7.070872908548752278e+00 6.830123957726701001e+00
5.353981799699917943e+00 7.090669955280342052e+00 8.944054783935365904e+00
4.241427889708661247e+00 6.519123165325215297e+00 5.588405675387329907e+00
3.125702111767750146e+00 1.403151679047510703e+00 2.870345684454179036e+00
1.861764426473350609e+00 6.394798406584243367e+00 1.795273174517606929e+00
7.778265460724567149e+00 6.107655591230010117e+00 5.696078693117290648e+00
1.049351681431555150e+01 1.099409933644813542e+01 9.092294049016523161e+00
4.539835526528851695e+00 1.948666303870171257e+00 5.680115137015679494e+00
3.744497243906853789e+00 6.001288278913787799e-01 3.617984057757037242e+00
3.636906207210023112e+00 3.792999847322713780e+00 2.834180942930203617e+00
5.292372991072928912e+00 1.427911656503745963e+00 3.418056020934352457e+00
9.486402379369215154e+00 6.326322010828596021e+00 6.139902516068730165e+00
4.436237428929317161e+00 -1.065903481750522630e+00 3.842519839861944231e+00
2.349836375160347490e+00 6.743049668300254318e+00 2.249425132950282347e+00
9.068467222466511046e+00 7.278364825517306791e+00 6.107341175929438926e+00
2.613526956249982547e+00 3.415939341443294808e+00 2.823342086452798050e+00
1.403092223208011857e+00 4.056693488433010586e+00 4.889788301004443838e+00
9.475082343971919840e+00 4.846614347040021364e+00 4.646327366294957351e+00
7.663808077618014636e+00 7.874377728220234296e+00 3.947843842519592528e+00
4.239851132509550702e+00 3.705771343395158457e+00 3.035573933389533519e+00
1.464466701112151936e+00 2.170805270452526692e+00 3.823721364366973408e+00
5.510404765764959301e+00 3.573561405778767686e+00 2.513731341940194319e+00
-9.361824078943170591e-01 8.017654506406541870e+00 2.417185392053580184e+00
-1.281690060926340635e+00 -2.934447848821215565e-01 2.495914222325253284e+00
4.765920339064566136e+00 7.839160846754762879e+00 7.919053837581257582e+00
4.450655855192902521e+00 6.957659824015833827e+00 8.957032812736214211e+00
5.528269130506132001e+00 2.570629527020166449e+00 1.151450680329122678e+00
7.282653912113479677e+00 7.212964054451249218e+00 6.549663866943608248e+00
7.748460089119211247e-01 1.974006589516814847e+00 6.184409774857455133e+00
3.821857296831956408e+00 3.629330048428261790e+00 2.847785883547642172e+00
2.645933720089441721e-01 4.491921008047960129e+00 1.250843722488940601e+00
9.207366509851205194e+00 7.573468584110059076e+00 4.600684782583496002e+00
2.395384968055759511e+00 3.981682145104910919e+00 1.641435175979434558e+00
1.546001482890042134e+00 5.418780085780364963e+00 7.220013332653692828e+00
8.347168708755500433e+00 5.390697764889785581e+00 8.751660730074192429e+00
7.835118003144681431e+00 6.249102829357563671e+00 6.938073968473343456e+00
7.148708426657598203e+00 8.881269944896775570e+00 9.390326723475519444e+00
5.792558339680659252e+00 6.751570243846341413e+00 8.122740162439702871e+00
4.211168964545068505e+00 4.138664483169479880e+00 3.221992266392334159e+00
5.646490278727663181e+00 4.647593855611049207e+00 8.729738671369897673e+00
7.000270111526665673e+00 7.140433455758239845e+00 3.691299707186775692e+00
3.131948307413149113e+00 7.002210754569119011e+00 7.400121748127972410e+00
3.231485745773288620e+00 3.307432482397966833e+00 2.450522962513459468e-01
9.719721777551752595e+00 4.548790385273400183e+00 9.728872163282730412e+00
8.477113344338569334e+00 5.162115180819212057e+00 5.046468756393027277e+00
9.094016571788284153e+00 3.554440601312780057e+00 4.281727626427983324e+00
8.821994760930289559e+00 5.156316166792397127e+00 8.098258181141087420e+00
8.076264025363942167e+00 8.493869831647428370e+00 6.186056220892997004e+00
7.127006112763788259e+00 6.271733926265907755e+00 9.355719645938791018e+00
4.565142223340643568e+00 -1.578404513474174209e-02 -4.061794418366502235e-01
3.539780551975371559e+00 5.712830447807449197e+00 2.349589670829582921e+00
8.540656618862422889e+00 6.763101322315876907e+00 6.924825180699597738e+00
3.317998671855015402e+00 4.826922700195989790e+00 2.746609576656312779e+00
-5.501525094678818562e-01 3.027274807831278558e+00 2.794234024161787566e+00
4.150787738367196056e+00 3.341189975795373357e+00 7.116994688760686749e+00
2.072277362257473499e+00 5.963002313533632304e+00 3.608585330717692052e+00
4.393755672708491211e+00 4.104038499224374803e+00 2.330847490912211217e+00
9.897681314413560472e+00 1.144671086557844575e+01 6.669929564257031984e+00
4.410572912504404641e+00 5.384847684808584667e+00 6.223191977303560662e+00
2.751670294251850279e+00 1.085043143450597469e+01 5.543388892048080052e+00
6.924245793105125557e+00 3.816338034388162548e+00 8.746625149395304888e+00
3.252478875518983958e+00 2.906853900840700167e+00 4.141466366542065458e+00
1.928314450697055760e+00 4.616172981085606253e+00 4.186503639724326931e+00
-4.985410370655958268e-01 1.647952925662784951e+00 4.249180026663723631e+00
1.429567013396472186e+00 2.178662717262792370e+00 5.823197539653158117e+00
7.369467624196459177e+00 5.585051209899123847e+00 6.242270605076785550e+00
2.763198621800231347e+00 3.210342919634359138e+00 4.156403131458303868e+00
5.793291213803247963e+00 7.014877995644008379e+00 8.305771012216379034e+00
3.387250391098120428e+00 7.802621443681218238e+00 4.095883673592319418e+00
1.040851456954941767e+01 9.092324156520104950e+00 7.318895998225155353e+00
1.036565209788811082e+01 7.158855816725517407e+00 8.846361729513626315e+00
6.163635403812352642e+00 7.742519380483804170e+00 6.866254458568416652e+00
-3.510703776631785011e-01 9.895497206581400640e-01 3.581987081878722279e+00
3.744061565698335592e+00 6.672377711165782266e+00 5.420997461031914710e+00
8.046084123488617124e+00 5.880193265397858582e+00 6.651026764794613300e+00
7.910416741317247258e+00 7.856121931917288137e+00 5.887949232877042860e+00
8.016467200463001319e+00 6.878181441402098528e+00 7.912313020099721150e+00
8.874086770537861213e+00 7.827825676869293758e+00 4.948608331153399931e+00
1.009568295114705805e+01 5.098558917362700171e+00 8.141082000073232905e+00
8.106611714883456443e+00 2.497298166021488797e+00 7.248675581277823632e-01
5.942215910954009139e+00 7.126226401192726989e+00 8.193535367606182618e+00
8.916775856856025584e+00 9.212468110233981378e+00 9.568522368284764212e+00
-3.117351393084697442e-01 8.770346616138624540e-03 3.242879499266353438e+00
4.847943714191154108e+00 7.453528566651355547e+00 9.609771973284859214e+00
6.423190178269589268e+00 1.004132373016683033e+01 8.219831957397047972e+00
4.454859473176083995e+00 7.617716039160182362e+00 8.120587836978248930e+00
9.095881274332253241e+00 5.576363605082549135e+00 6.333196358062962439e+00
4.428582156397808944e+00 4.947150112228120733e+00 2.141996425407862947e+00
1.587570196418369051e+00 3.676046601334656660e+00 3.167951289931015602e+00
1.718581747243640878e+00 2.808052664824784550e+00 2.856614419513340941e+00
6.968453246348468078e+00 8.202254119668422661e+00 8.593660090255308859e+00
6.597663163994507585e+00 6.491191900758044753e+00 5.997404027551916705e+00
9.599865198630777030e-01 4.312369251167106121e+00 5.112576146726690141e+00
4.532854719810577748e+00 3.004760909803553481e+00 1.564067163347821809e+00
3.169551225972985442e+00 1.976700196163889922e+00 8.314467535592200420e-01
2.563665514391317846e+00 1.626376872176584776e-01 1.119294423021413021e+00
1.657180928226890781e+00 4.553892259058787140e+00 3.112727962984507268e+00
8.039047375935354012e+00 6.033044499997457066e+00 7.761301553187331059e+00
6.735365961424546022e+00 9.523439220212852163e+00 8.377451058753434765e+00
3.641473348490031015e+00 4.558216773413667156e+00 2.948026820702285278e+00
8.054342877047407256e+00 8.846378660514840675e+00 3.796228219030614248e+00
3.859519380244888609e+00 3.759454095084394432e+00 4.544838596212535720e+00
1.253922046423733505e+00 1.537003623252800821e+00 6.047153728137235618e+00
3.541477360130872221e+00 2.661782542621427883e+00 1.516506084578762348e+00
8.457115801831468715e+00 6.715167495480348414e+00 9.208274674857300113e+00
5.700085770497060444e+00 4.004774056558255246e+00 9.791619160328886906e+00
5.792640837088516292e+00 6.783202232342548044e+00 6.383249480398309750e+00
5.713993182372188784e+00 3.610094951498372229e+00 6.373186967399757208e+00
9.763750689870011712e+00 7.735204058100534574e+00 7.089900743949874240e+00
1.472199633367708538e+00 4.672982018607477528e+00 1.720839685382152151e+00
-6.634898368830866033e-02 3.591525001284451069e+00 6.400522520748745947e+00
3.229636157312598232e+00 5.059004683760835341e+00 6.101102501714006365e-01
1.312981399047350450e+01 6.786173447027326944e+00 8.430347431067890085e+00
4.074434191877815081e+00 6.976141852288496814e+00 2.901301692593198478e+00
7.652844180728763490e+00 7.407644337511535504e+00 4.295234267231241354e+00
8.108853433765301766e-01 3.238124254701735261e+00 1.525743405778814399e+00
2.153428808026346619e+00 6.043799746090580349e+00 6.451423401055317086e+00
9.000440295036272076e+00 4.724069708377477639e+00 1.033034560995763407e+01
4.464722527911220595e+00 1.525652918542386161e-01 2.227693443197689582e+00
-3.169315130172516426e-01 5.581033115170198400e+00 2.868318943999426995e+00
7.450083476124170545e+00 8.100584163271690841e+00 9.135155499210664942e+00
3.051878252170618033e+00 5.486385720208626360e-01 -1.118993633303648316e+00
8.784115142023608769e+00 6.283306164344649503e+00 6.529525083560026033e+00
3.939300442051145712e+00 8.824908468944745010e+00 6.572175140032749496e+00
-5.770510115187650335e-01 5.085854107650784606e+00 4.673497574771124263e+00
5.067860718876383785e+00 5.496432287584068099e+00 8.400820132196228585e+00
7.442412576488091958e+00 7.859144306733670149e+00 8.937642961975560851e+00
6.474395421343821511e+00 5.588387878879386150e-01 1.313936313124272948e+00
9.188706093243100170e+00 7.925961815344114925e+00 6.946309677116567549e+00
-8.983834505275689608e-02 1.860112606216555164e-01 2.254170652040528466e+00
5.330231638044203635e+00 7.991597739133475820e+00 7.013309198118128585e+00
5.143807945274199156e+00 7.916143007429637279e+00 7.756418044116987431e+00
6.115080849160321463e+00 8.189112764100615394e+00 8.090730104477428242e+00
1.301275213272135467e+01 7.545404167877780566e+00 6.791860118148343339e+00
8.358757562154520926e+00 9.049939036612910215e+00 6.831496567529088182e+00
-6.304225450292166855e-01 2.083936724549907193e+00 1.170649536316375139e+00
3.755542334083860290e+00 7.604971447000861140e-01 3.994988932168394680e+00
-3.289665143314448592e-01 6.668422041905583519e+00 5.328697403319191395e+00
